0	90
0.1	89.3532
0.2	88.7129
0.3	88.079
0.4	87.4513
0.5	86.8299
0.6	86.2147
0.7	85.6056
0.8	85.0026
0.9	84.4055
1	83.8144
1.1	83.2292
1.2	82.6498
1.3	82.0762
1.4	81.5083
1.5	80.946
1.6	80.3893
1.7	79.8382
1.8	79.2926
1.9	78.7523
2	78.2175
2.1	77.688
2.2	77.1637
2.3	76.6447
2.4	76.1308
2.5	75.6221
2.6	75.1184
2.7	74.6197
2.8	74.1259
2.9	73.6371
3	73.1532
3.1	72.6741
3.2	72.1997
3.3	71.73
3.4	71.2651
3.5	70.8047
3.6	70.349
3.7	69.8977
3.8	69.451
3.9	69.0087
4	68.5708
4.1	68.1373
4.2	67.708
4.3	67.2831
4.4	66.8624
4.5	66.4458
4.6	66.0334
4.7	65.6251
4.8	65.2209
4.9	64.8207
5	64.4245
5.1	64.0322
5.2	63.6438
5.3	63.2593
5.4	62.8786
5.5	62.5017
5.6	62.1286
5.7	61.7592
5.8	61.3934
5.9	61.0313
6	60.6728
6.1	60.3178
6.2	59.9664
6.3	59.6185
6.4	59.274
6.5	58.933
6.6	58.5953
6.7	58.2611
6.8	57.9301
6.9	57.6024
7	57.278
7.1	56.9569
7.2	56.6389
7.3	56.3241
7.4	56.0124
7.5	55.7038
7.6	55.3983
7.7	55.0958
7.8	54.7964
7.9	54.4999
8	54.2064
8.1	53.9158
8.2	53.6281
8.3	53.3432
8.4	53.0612
8.5	52.782
8.6	52.5055
8.7	52.2319
8.8	51.9609
8.9	51.6926
9	51.427
9.1	51.1641
9.2	50.9037
9.3	50.646
9.4	50.3908
9.5	50.1382
9.6	49.888
9.7	49.6404
9.8	49.3952
9.9	49.1525
10	48.9122
10.1	48.6742
10.2	48.4387
10.3	48.2055
10.4	47.9746
10.5	47.746
10.6	47.5196
10.7	47.2956
10.8	47.0737
10.9	46.8541
11	46.6366
11.1	46.4213
11.2	46.2082
11.3	45.9972
11.4	45.7882
11.5	45.5814
11.6	45.3766
11.7	45.1739
11.8	44.9731
11.9	44.7744
12	44.5776
12.1	44.3828
12.2	44.19
12.3	43.999
12.4	43.81
12.5	43.6228
12.6	43.4375
12.7	43.2541
12.8	43.0724
12.9	42.8926
13	42.7146
13.1	42.5383
13.2	42.3638
13.3	42.191
13.4	42.02
13.5	41.8506
13.6	41.683
13.7	41.517
13.8	41.3526
13.9	41.1899
14	41.0288
14.1	40.8693
14.2	40.7114
14.3	40.5551
14.4	40.4003
14.5	40.2471
14.6	40.0954
14.7	39.9452
14.8	39.7964
14.9	39.6492
15	39.5035
15.1	39.3591
15.2	39.2163
15.3	39.0748
15.4	38.9348
15.5	38.7961
15.6	38.6588
15.7	38.5229
15.8	38.3884
15.9	38.2552
16	38.1233
16.1	37.9927
16.2	37.8634
16.3	37.7354
16.4	37.6087
16.5	37.4832
16.6	37.359
16.7	37.2361
16.8	37.1143
16.9	36.9938
17	36.8744
17.1	36.7563
17.2	36.6393
17.3	36.5235
17.4	36.4088
17.5	36.2953
17.6	36.1829
17.7	36.0716
17.8	35.9615
17.9	35.8524
18	35.7444
18.1	35.6375
18.2	35.5317
18.3	35.4269
18.4	35.3231
18.5	35.2204
18.6	35.1187
18.7	35.018
18.8	34.9184
18.9	34.8197
19	34.722
19.1	34.6252
19.2	34.5295
19.3	34.4346
19.4	34.3408
19.5	34.2478
19.6	34.1558
19.7	34.0647
19.8	33.9745
19.9	33.8852
20	33.7968
20.1	33.7093
20.2	33.6226
20.3	33.5368
20.4	33.4519
20.5	33.3678
20.6	33.2845
20.7	33.2021
20.8	33.1205
20.9	33.0397
21	32.9597
21.1	32.8805
21.2	32.8021
21.3	32.7244
21.4	32.6476
21.5	32.5715
21.6	32.4961
21.7	32.4215
21.8	32.3477
21.9	32.2746
22	32.2022
22.1	32.1305
22.2	32.0596
22.3	31.9893
22.4	31.9198
22.5	31.8509
22.6	31.7828
22.7	31.7153
22.8	31.6485
22.9	31.5823
23	31.5168
23.1	31.452
23.2	31.3878
23.3	31.3242
23.4	31.2613
23.5	31.199
23.6	31.1373
23.7	31.0762
23.8	31.0158
23.9	30.9559
24	30.8967
24.1	30.838
24.2	30.7799
24.3	30.7224
24.4	30.6655
24.5	30.6091
24.6	30.5533
24.7	30.498
24.8	30.4433
24.9	30.3891
25	30.3355
25.1	30.2824
25.2	30.2299
25.3	30.1778
25.4	30.1263
25.5	30.0753
25.6	30.0248
25.7	29.9748
25.8	29.9253
25.9	29.8763
26	29.8278
26.1	29.7797
26.2	29.7322
26.3	29.6851
26.4	29.6385
26.5	29.5923
26.6	29.5466
26.7	29.5014
26.8	29.4566
26.9	29.4123
27	29.3684
27.1	29.3249
27.2	29.2819
27.3	29.2393
27.4	29.1971
27.5	29.1553
27.6	29.114
27.7	29.073
27.8	29.0325
27.9	28.9924
28	28.9527
28.1	28.9133
28.2	28.8744
28.3	28.8358
28.4	28.7977
28.5	28.7599
28.6	28.7225
28.7	28.6854
28.8	28.6488
28.9	28.6125
29	28.5765
29.1	28.5409
29.2	28.5057
29.3	28.4708
29.4	28.4363
29.5	28.4021
29.6	28.3682
29.7	28.3347
29.8	28.3015
29.9	28.2687
30	28.2362
30.1	28.204
30.2	28.1721
30.3	28.1405
30.4	28.1093
30.5	28.0783
30.6	28.0477
30.7	28.0174
30.8	27.9874
30.9	27.9576
31	27.9282
31.1	27.8991
31.2	27.8702
31.3	27.8417
31.4	27.8134
31.5	27.7854
31.6	27.7577
31.7	27.7302
31.8	27.7031
31.9	27.6762
32	27.6495
32.1	27.6232
32.2	27.5971
32.3	27.5712
32.4	27.5457
32.5	27.5203
32.6	27.4952
32.7	27.4704
32.8	27.4458
32.9	27.4215
33	27.3974
33.1	27.3736
33.2	27.3499
33.3	27.3266
33.4	27.3034
33.5	27.2805
33.6	27.2578
33.7	27.2353
33.8	27.2131
33.9	27.1911
34	27.1693
34.1	27.1477
34.2	27.1263
34.3	27.1052
34.4	27.0842
34.5	27.0635
34.6	27.0429
34.7	27.0226
34.8	27.0025
34.9	26.9826
35	26.9628
35.1	26.9433
35.2	26.924
35.3	26.9048
35.4	26.8859
35.5	26.8671
35.6	26.8485
35.7	26.8301
35.8	26.8119
35.9	26.7939
36	26.776
36.1	26.7584
36.2	26.7409
36.3	26.7236
36.4	26.7064
36.5	26.6894
36.6	26.6726
36.7	26.656
36.8	26.6395
36.9	26.6232
37	26.607
37.1	26.591
37.2	26.5752
37.3	26.5595
37.4	26.544
37.5	26.5287
37.6	26.5134
37.7	26.4984
37.8	26.4835
37.9	26.4687
38	26.4541
38.1	26.4396
38.2	26.4253
38.3	26.4111
38.4	26.3971
38.5	26.3832
38.6	26.3694
38.7	26.3558
38.8	26.3423
38.9	26.3289
39	26.3157
39.1	26.3026
39.2	26.2897
39.3	26.2768
39.4	26.2641
39.5	26.2516
39.6	26.2391
39.7	26.2268
39.8	26.2146
39.9	26.2025
40	26.1905
40.1	26.1787
40.2	26.1669
40.3	26.1553
40.4	26.1438
40.5	26.1325
40.6	26.1212
40.7	26.11
40.8	26.099
40.9	26.0881
41	26.0772
41.1	26.0665
41.2	26.0559
41.3	26.0454
41.4	26.035
41.5	26.0247
41.6	26.0145
41.7	26.0044
41.8	25.9944
41.9	25.9845
42	25.9747
42.1	25.965
42.2	25.9554
42.3	25.9459
42.4	25.9365
42.5	25.9272
42.6	25.9179
42.7	25.9088
42.8	25.8998
42.9	25.8908
43	25.882
43.1	25.8732
43.2	25.8645
43.3	25.8559
43.4	25.8474
43.5	25.8389
43.6	25.8306
43.7	25.8223
43.8	25.8141
43.9	25.806
44	25.798
44.1	25.7901
44.2	25.7822
44.3	25.7744
44.4	25.7667
44.5	25.7591
44.6	25.7516
44.7	25.7441
44.8	25.7367
44.9	25.7293
45	25.7221
45.1	25.7149
45.2	25.7078
45.3	25.7007
45.4	25.6938
45.5	25.6869
45.6	25.68
45.7	25.6733
45.8	25.6666
45.9	25.6599
46	25.6534
46.1	25.6469
46.2	25.6404
46.3	25.6341
46.4	25.6278
46.5	25.6215
46.6	25.6153
46.7	25.6092
46.8	25.6031
46.9	25.5971
47	25.5912
47.1	25.5853
47.2	25.5795
47.3	25.5737
47.4	25.568
47.5	25.5624
47.6	25.5568
47.7	25.5512
47.8	25.5457
47.9	25.5403
48	25.5349
48.1	25.5296
48.2	25.5243
48.3	25.5191
48.4	25.514
48.5	25.5088
48.6	25.5038
48.7	25.4988
48.8	25.4938
48.9	25.4889
49	25.484
49.1	25.4792
49.2	25.4744
49.3	25.4697
49.4	25.465
49.5	25.4604
49.6	25.4558
49.7	25.4513
49.8	25.4468
49.9	25.4424
50	25.438
50.1	25.4336
50.2	25.4293
50.3	25.425
50.4	25.4208
50.5	25.4166
50.6	25.4125
50.7	25.4084
50.8	25.4043
50.9	25.4003
51	25.3963
51.1	25.3923
51.2	25.3884
51.3	25.3846
51.4	25.3807
51.5	25.377
51.6	25.3732
51.7	25.3695
51.8	25.3658
51.9	25.3622
52	25.3586
52.1	25.355
52.2	25.3515
52.3	25.348
52.4	25.3445
52.5	25.3411
52.6	25.3377
52.7	25.3343
52.8	25.331
52.9	25.3277
53	25.3245
53.1	25.3212
53.2	25.318
53.3	25.3149
53.4	25.3117
53.5	25.3086
53.6	25.3056
53.7	25.3025
53.8	25.2995
53.9	25.2965
54	25.2936
54.1	25.2907
54.2	25.2878
54.3	25.2849
54.4	25.2821
54.5	25.2793
54.6	25.2765
54.7	25.2737
54.8	25.271
54.9	25.2683
55	25.2656
55.1	25.263
55.2	25.2604
55.3	25.2578
55.4	25.2552
55.5	25.2527
55.6	25.2502
55.7	25.2477
55.8	25.2452
55.9	25.2428
56	25.2404
56.1	25.238
56.2	25.2356
56.3	25.2333
56.4	25.2309
56.5	25.2286
56.6	25.2264
56.7	25.2241
56.8	25.2219
56.9	25.2197
57	25.2175
57.1	25.2153
57.2	25.2132
57.3	25.2111
57.4	25.209
57.5	25.2069
57.6	25.2048
57.7	25.2028
57.8	25.2008
57.9	25.1988
58	25.1968
58.1	25.1948
58.2	25.1929
58.3	25.191
58.4	25.1891
58.5	25.1872
58.6	25.1853
58.7	25.1835
58.8	25.1817
58.9	25.1799
59	25.1781
59.1	25.1763
59.2	25.1745
59.3	25.1728
59.4	25.1711
59.5	25.1694
59.6	25.1677
59.7	25.166
59.8	25.1644
59.9	25.1627
