-----------------------------
|      x      |     f(x)    |
-----------------------------
|          -4 |          -1 |
|        -3.5 |          -1 |
|          -3 |           2 |
|        -2.5 |        2.25 |
|          -2 |         2.5 |
|        -1.5 |        2.75 |
|          -1 |          -1 |
|        -0.5 |        -0.5 |
|           0 |           0 |
|         0.5 |         0.5 |
|           1 |           1 |
|         1.5 |           1 |
|           2 |           1 |
|         2.5 |           1 |
|           3 |           1 |
|         3.5 |           1 |
|           4 |           1 |
|         4.5 |           1 |
|           5 |           1 |
|         5.5 |        0.75 |
|           6 |         0.5 |
|         6.5 |        0.25 |
|           7 |           0 |
|         7.5 |          -1 |
|           8 |          -1 |
-----------------------------
